ModelFinder will test up to 702 protein models (sample size: 3590) ...
 No. Model         -LnL         df  AIC          AICc         BIC
  1  LG            384725.876   1203 771857.752   773071.844   779299.399
  2  LG+I          384725.853   1204 771859.705   773076.326   779307.538
  3  LG+G4         370019.373   1204 742446.746   743663.366   749894.578
  4  LG+I+G4       370019.370   1205 742448.739   743667.892   749902.758
  5  LG+R2         373966.088   1205 750342.177   751561.329   757796.195
  6  LG+R3         370400.472   1207 743214.944   744439.172   750681.334
  7  LG+R4         369100.737   1209 740619.474   741848.793   748098.236
  8  LG+R5         368713.922   1211 739849.845   741084.270   747340.979
  9  LG+R6         368442.255   1213 739310.511   740550.058   746814.016
 10  LG+R7         368298.128   1215 739026.255   740270.939   746542.133
 11  LG+R8         368222.021   1217 738878.042   740127.878   746406.291
 12  LG+R9         368152.064   1219 738742.129   739997.133   746282.750
 13  LG+R10        368133.612   1221 738709.224   739969.411   746262.217
 26  LG+F+R10      368550.744   1240 739581.488   740891.697   747252.014
 39  WAG+R10       368176.846   1221 738795.691   740055.879   746348.684
 52  WAG+F+R10     368323.903   1240 739127.806   740438.015   746798.331
 65  JTT+R10       368320.845   1221 739083.690   740343.877   746636.683
 78  JTT+F+R10     368827.019   1240 740134.038   741444.247   747804.564
 91  Q.pfam+R10    367533.160   1221 737508.320   738768.508   745061.313
104  Q.pfam+F+R10  368335.705   1240 739151.410   740461.618   746821.935
117  Q.bird+R10    372489.116   1221 747420.232   748680.419   754973.225
130  Q.bird+F+R10  374075.338   1240 750630.677   751940.885   758301.202
143  Q.mammal+R10  370627.115   1221 743696.231   744956.418   751249.224
156  Q.mammal+F+R10 372051.427   1240 746582.854   747893.062   754253.379
169  Q.insect+R10  368204.648   1221 738851.297   740111.484   746404.290
182  Q.insect+F+R10 368842.798   1240 740165.595   741475.804   747836.121
195  Q.plant+R10   369825.334   1221 742092.669   743352.856   749645.662
208  Q.plant+F+R10 371065.764   1240 744611.529   745921.737   752282.054
221  Q.yeast+R10   369124.133   1221 740690.265   741950.453   748243.258
234  Q.yeast+F+R10 368526.455   1240 739532.911   740843.119   747203.436
247  JTTDCMut+R10  368414.837   1221 739271.674   740531.861   746824.667
260  JTTDCMut+F+R10 368850.657   1240 740181.314   741491.522   747851.839
273  DCMut+R10     372653.978   1221 747749.957   749010.144   755302.950
286  DCMut+F+R10   370466.098   1240 743412.195   744722.404   751082.720
299  VT+R10        366915.478   1221 736272.956   737533.143   743825.949
312  VT+F+R10      367421.326   1240 737322.651   738632.860   744993.176
325  PMB+R10       367085.749   1221 736613.498   737873.686   744166.491
338  PMB+F+R10     368254.248   1240 738988.496   740298.704   746659.021
351  Blosum62+R10  367847.266   1221 738136.533   739396.720   745689.526
364  Blosum62+F+R10 368265.595   1240 739011.191   740321.400   746681.716
377  Dayhoff+R10   372671.627   1221 747785.255   749045.442   755338.248
390  Dayhoff+F+R10 370482.288   1240 743444.575   744754.784   751115.100
403  mtREV+R10     382402.059   1221 767246.118   768506.306   774799.111
416  mtREV+F+R10   373218.383   1240 748916.767   750226.975   756587.292
429  mtART+R10     383665.025   1221 769772.051   771032.238   777325.044
442  mtART+F+R10   374798.047   1240 752076.094   753386.303   759746.620
455  mtZOA+R10     376996.949   1221 756435.897   757696.085   763988.890
468  mtZOA+F+R10   371511.275   1240 745502.551   746812.759   753173.076
481  mtMet+R10     379995.703   1221 762433.407   763693.594   769986.400
494  mtMet+F+R10   371631.286   1240 745742.573   747052.781   753413.098
507  mtVer+R10     385068.541   1221 772579.082   773839.269   780132.075
520  mtVer+F+R10   376245.548   1240 754971.097   756281.305   762641.622
533  mtInv+R10     381526.505   1221 765495.009   766755.197   773048.002
546  mtInv+F+R10   369463.260   1240 741406.520   742716.729   749077.046
559  mtMAM+R10     389460.348   1221 781362.696   782622.884   788915.689
572  mtMAM+F+R10   379838.596   1240 762157.192   763467.401   769827.718
585  HIVb+R10      376175.779   1221 754793.558   756053.745   762346.551
598  HIVb+F+R10    374436.981   1240 751353.962   752664.171   759024.487
611  HIVw+R10      387494.016   1221 777430.032   778690.220   784983.025
624  HIVw+F+R10    380083.733   1240 762647.466   763957.675   770317.992
637  FLU+R10       374905.557   1221 752253.115   753513.302   759806.108
650  FLU+F+R10     373702.780   1240 749885.559   751195.768   757556.084
663  rtREV+R10     372438.772   1221 747319.544   748579.731   754872.537
676  rtREV+F+R10   369993.962   1240 742467.923   743778.132   750138.449
689  cpREV+R10     369536.510   1221 741515.021   742775.208   749068.014
702  cpREV+F+R10   368965.538   1240 740411.077   741721.285   748081.602
Akaike Information Criterion:           VT+R10
Corrected Akaike Information Criterion: VT+R10
Bayesian Information Criterion:         VT+R10
Best-fit model: VT+R10 chosen according to BIC*

#### GT4+G4 is not in the IQtree ModelFinder test and has been run separately using the same allignment, this is the result 

GTR+G4

Log-likelihood of the tree: -366121.6652 (s.e. 13811.7656)
Unconstrained log-likelihood (without tree): -28119.3166
Number of free parameters (#branches + #model parameters): 1412
Akaike information criterion (AIC) score: 735067.3305
Corrected Akaike information criterion (AICc) score: 736900.2712
Bayesian information criterion (BIC) score: 743801.8319

#### according to BIC GTR+G4 is the best fit

-LnL         df  AIC          AICc         BIC

VT+R10              366915.478  1221 736272.956   737533.143   743825.94

GTR20+G4			366121.6652 1412 735067.3305  736900.2712  743801.8319